1000
10000
1002
10065
1010
10120
1025
1026
1050
1111
11211
12000
1212
12192
12400
12445
12515
13333
1500
15000
16000
17000
18000
18001
18002
18003
18080
1900
1976
1981
2000
20000
2001
2002
2006
2010
2024
2030
2052
2080
2095
22
22000
2201
2222
22222
2333
25000
2600
27017
27872
28001
29999
3000
30000
3001
3002
3003
3004
3005
3006
3007
3008
3009
3010
3011
3012
3013
3014
3015
3016
3017
3018
3019
3020
3021
3022
3023
3030
3051
3131
31337
3200
3232
3306
3334
3389
3456
34567
3500
38000
4000
40000
4001
4002
4003
4007
4010
4018
4040
4155
4200
443
4433
4443
4457
4500
45000
5000
50000
5001
5002
5003
5004
5005
5006
5007
5010
5060
5500
5544
5550
5555
58000
6001
6002
6003
6004
6005
6102
6500
7000
7001
7002
7003
7004
7005
7011
7012
7013
7014
7018
7021
7022
7172
7401
7500
7700
777
7777
7878
7900
80
800
8000
8001
8002
8003
8004
8005
8006
8007
8008
8009
801
8010
8011
8012
8013
8014
8015
8016
8017
8018
8019
8020
8021
8022
8023
8024
8025
8026
8027
8028
8029
8030
8031
8032
8033
8034
8035
8036
8037
8038
8039
8040
8041
8042
8043
8044
8045
8046
8047
8048
8049
8050
8051
8052
8053
8054
8055
8056
8057
8058
8059
8060
8061
8062
8063
8070
8072
8078
8080
8081
8082
8083
8085
8086
8087
8088
8089
8090
8091
8092
8093
8094
8095
81
8100
8101
8102
8112
8171
8178
8181
82
8200
8201
8282
8285
8300
8401
8413
8441
8443
8444
8445
8480
8484
8500
8501
8502
8503
8504
8524
8585
8601
8787
8789
88
8800
8801
8816
887
8880
8881
8882
8883
8888
8889
8899
89
8989
8990
8991
8999
9000
9001
9002
9003
9004
9005
9006
9007
9008
9009
9010
9011
9012
9020
9023
9030
9053
9090
9091
91
9100
9116
9200
93
9400
9800
9876
9899
99
9900
9981
9988
9990
9997
9998
9999